-32.34251953111139	-39.68870784475473
-37.845298635283434	-50.88403176111999
